Date,Transaction,Paid In (£),Withdrawn (£),Balance (£),Notes,Subcategory
2024-01-01,DEPOSIT RECEIVED FROM JOHN,50.0,,2050.00,,
2024-01-02,DAMAGE DEPOSIT 205,100.0,,2150.00,,
2024-01-03,TESCO SUPERSTORE,,45.67,2104.33,,
2024-01-03,SHELL FUELS,,65.5,2038.83,,
2024-01-04,BRITISH GAS,,85.0,1953.83,,
2024-01-04,AMAZON PRIME TESCO,,25.99,1927.84,,
2024-01-05,ROOM DEPOSIT 101,50.0,,1977.84,,
2024-01-05,NETFLIX.COM,,13.99,1963.85,,
2024-01-06,AMAZON MARKETPLACE,,23.99,1939.86,,
2024-01-06,PAYMENT REFERENCE XYZ,,45.0,1894.86,,
2024-01-07,SECURITY DEPOSIT APT 12,100.0,,1994.86,,
2024-01-07,PAYMENT @ STORE,,12.99,1981.87,,
2024-01-08,ASDA SUPERMARKET,,32.5,1949.37,,
2024-01-08,TFL TRAVEL,,35.0,1914.37,,
2024-01-08,PENDING TRANSACTION,0.0,,1914.37,,
2024-01-09,WATER PLUS,,45.0,1869.37,,
2024-01-09,SHELL GARAGE SHOP,,15.5,1853.87,,
2024-01-09,MAINTENANCE PAYMENT,,150.0,1703.87,Emergency repair,
2024-01-10,SECURITY DEPOSIT FLAT 3,50.0,,1753.87,,
2024-01-10,SPOTIFY,,9.99,1743.88,,
2024-01-10,COUNCIL TAX PAYMENT,,145.0,1598.88,,Council Tax
2024-01-11,EBAY PAYMENT,,15.5,1583.38,,
2024-01-11,TRANSFER 123456,,30.0,1553.38,,
2024-01-12,DEPOSIT RECEIVED FROM SMITH,100.0,,1653.38,,
2024-01-12,SHOP & SAVE,,25.5,1627.88,,
2024-01-13,SAINSBURYS LOCAL,,28.99,1598.89,,
2024-01-13,TRAINLINE,,45.8,1553.09,,
2024-01-13,ZERO VALUE TRANSFER,,0.0,1553.09,,
2024-01-14,EDF ENERGY,,65.5,1487.59,,
2024-01-14,ASDA FUEL STATION,,55.75,1431.84,,
2024-01-14,INSURANCE PREMIUM,,200.0,1231.84,Annual renewal,
2024-01-15,DEPOSIT PAYMENT R15,50.0,,1281.84,,
2024-01-15,DISNEY PLUS,,7.99,1273.85,,
2024-01-15,MORTGAGE PAYMENT,,750.0,523.85,,Mortgage
2024-01-16,AMAZON PRIME,,7.99,515.86,,
2024-01-16,LOCAL SHOP PAYMENT,,22.5,493.36,,
2024-01-17,ROOM DEPOSIT 303,100.0,,593.36,,
2024-01-17,STORE #123,,18.99,574.37,,
2024-01-18,LIDL GB,,25.75,548.62,,
2024-01-18,BP FUEL,,70.25,478.37,,
2024-01-18,ADJUSTMENT,0.0,0.0,478.37,,
2024-01-19,VIRGIN MEDIA,,52.99,425.38,,
2024-01-19,TESCO MOBILE,,12.99,412.39,,
2024-01-19,CONTRACTOR PAYMENT,,350.0,62.39,Kitchen renovation,
2024-01-20,DEPOSIT ROOM 7,50.0,,112.39,,
2024-01-20,PRIME VIDEO,,5.99,106.40,,
2024-01-20,LETTING AGENT FEE,,120.0,-13.60,,Agency Fees
2024-01-21,AMAZON.CO.UK,,34.5,-48.10,,
2024-01-21,MISC PAYMENT,,18.75,-66.85,,
2024-01-22,DEPOSIT FLAT 8,100.0,,33.15,,
2024-01-22,CAFÉ PAYMENT,,8.5,24.65,,
2024-01-23,ALDI STORES,,30.25,-5.60,,
2024-01-23,BUS TICKET,,25.0,-30.60,,
2024-01-23,BALANCE CHECK,,0.0,-30.60,,
2024-01-24,SCOTTISH POWER,,78.25,-108.85,,
2024-01-24,BP SHOP,,8.99,-117.84,,
2024-01-24,SERVICE CHARGE,,175.0,-292.84,Quarterly payment,
2024-01-25,APPLE TV,,6.99,-299.83,,
2024-01-25,BUILDINGS INSURANCE,,45.0,-344.83,,Insurance
2024-01-26,EBAY ITEM,,12.99,-357.82,,
2024-01-26,UNKNOWN VENDOR,,15.99,-373.81,,
2024-01-27,STORE-MART,,22.99,-396.80,,
2024-01-28,MORRISONS STORE,,42.8,-439.60,,
2024-01-28,ESSO PETROL,,68.75,-508.35,,
2024-01-28,PENDING DEPOSIT,0.0,,-508.35,,
2024-01-29,ANGLIAN WATER,,38.5,-546.85,,
2024-01-29,LEGAL FEES,,250.0,-796.85,Contract review,
2024-01-30,NOW TV,,11.99,-808.84,,
2024-01-30,GROUND RENT,,100.0,-908.84,,Ground Rent
2024-01-31,AMAZON DIGITAL,,9.99,-918.83,,
2024-02-01,DEPOSIT REFUND TO JOHN,,50.0,-968.83,,
2024-02-02,DAMAGE DEPOSIT RETURN 205,,100.0,-1068.83,,
2024-02-03,TESCO EXPRESS,,15.99,-1084.82,,
2024-02-03,RAIL TICKET,,32.5,-1117.32,,
2024-02-04,BT GROUP PLC,,45.99,-1163.31,,
2024-02-05,DEPOSIT RETURN R101,,50.0,-1213.31,,
2024-02-05,YOUTUBE PREMIUM,,11.99,-1225.30,,
2024-02-06,AMAZON RETAIL,,28.5,-1253.80,,
2024-02-07,DEPOSIT REFUND APT 12,,100.0,-1353.80,,
2024-02-08,ASDA GEORGE,,22.5,-1376.30,,
2024-02-08,UBER TRIP,,15.99,-1392.29,,
2024-02-09,SSE ENERGY,,72.75,-1465.04,,
2024-02-10,SECURITY DEPOSIT RETURN F3,,50.0,-1515.04,,
2024-02-10,NETFLIX.COM,,13.99,-1529.03,,
2024-02-11,EBAY PURCHASE,,19.99,-1549.02,,
2024-02-12,DEPOSIT RETURN TO SMITH,,100.0,-1649.02,,
2024-02-15,DEPOSIT REFUND R15,,50.0,-1699.02,,
2024-02-17,DEPOSIT REFUND 303,,100.0,-1799.02,,
2024-02-20,DEPOSIT RETURN ROOM 7,,50.0,-1849.02,,
2024-02-22,DEPOSIT RETURN F8,,100.0,-1949.02,,
2024-03-01,DEPOSIT FROM TENANT A,50.0,,-1899.02,,
2024-03-02,DEPOSIT FROM TENANT D,100.0,,-1799.02,,
2024-03-05,DEPOSIT RETURN TENANT A,,50.0,-1849.02,,
2024-03-07,DEPOSIT RETURN TENANT D,,100.0,-1949.02,,
2024-03-10,DEPOSIT FROM TENANT B,100.0,,-1849.02,,
2024-03-12,DEPOSIT FROM TENANT E,50.0,,-1799.02,,
2024-03-15,DEPOSIT RETURN TENANT B,,100.0,-1899.02,,
2024-03-17,DEPOSIT RETURN TENANT E,,50.0,-1949.02,,
2024-03-20,DEPOSIT FROM TENANT C,50.0,,-1899.02,,
2024-03-25,DEPOSIT RETURN TENANT C,,50.0,-1949.02,,
